20
12
74
145
98
615
-564
662
107
24
66
87
58
8
39
19
453
97
40
-1936
1988
352
-239
787
23
81
723
92
-825
904
-517
250
1984
-1607
-3012
3160
7
1915
-2542
2817
70
9
-510
615
101
9
97
96
24

19
96
60
161
131
45
126
95
39
23
82
115
237
-28
-24
340
116
44
32
78
21
49
-15
152
-13
142
78
57
-14
92
25
-13
137
8
112
37
40
184
-30
92
290
9
-30
249
160
59
81
14
692

21
9
13
1482
132
3
27
336
394
91
70
102
111
20
-31
152
-37
30
97
62
179
397
88
209
102
61
19
7
16
220
30
19
34
-25
58
187
45
-15
1723
-590
751
7
-40
85
2709
-2327
71
-58
2531

