24.63032 41.00000
17.10561 31.00000
20.35357 54.00000
26.60559 21.00000
17.56518 41.00000
51.73778 64.00000
17.15221 23.00000
17.87383 21.00000
24.27942 38.00000
69.04446 19.00000
26.16052 19.00000
35.23006 22.00000
20.61672 49.00000
44.23734 20.00000
17.24117 19.00000
25.74071 22.00000
22.85771 20.00000
18.13678 19.00000
18.64439 23.00000
34.27007 20.00000
17.03349 50.00000
60.52844 17.00000
21.00273 24.00000
20.11219 39.00000
50.96126 41.00000
29.90440 19.00000
18.29711 24.00000
24.24679 21.00000
31.03515 18.00000
23.89690 19.00000
32.89458 20.00000
23.62122 22.00000 
26.52190 18.00000
32.05567 23.00000
21.86138 22.00000
18.64447 70.00000
27.76886 21.00000
17.28014 23.00000
19.80973 19.00000
31.12345 23.00000
62.30753 41.00000
18.92358 23.00000
22.37924 23.00000
19.80505 20.00000
20.13836 18.00000
34.31108 21.00000
27.32092 22.00000
57.46904 40.00000
17.16269 38.00000
17.59913 27.00000 
31.29412 34.00000
56.42648 42.00000
18.27337 20.00000
19.93241 20.00000
37.72494 31.00000
17.06652 22.00000 
32.17718 22.00000